38
0    10   15   34   36   39   44   44   48   51   55   55   57   59   59   59   63   67   67   70   81   88   99   100  117  121  138  149  152  159  172  179  185  188  194  203  204  238  
10   0    22   32   31   40   39   44   46   43   65   64   55   64   53   68   68   62   65   75   90   93   101  107  107  113  130  146  158  150  168  175  183  197  188  204  208  240  
15   22   0    47   45   50   56   56   53   49   55   58   48   61   56   59   62   61   59   74   69   76   90   106  124  132  149  157  151  161  163  187  199  185  207  216  198  234  
34   32   47   0    51   41   47   14   68   67   69   66   80   50   72   63   88   91   85   83   102  121  110  99   116  117  114  120  170  161  196  150  158  199  181  177  232  263  
36   31   45   51   0    35   18   64   21   55   74   70   73   91   70   90   57   65   85   63   112  95   129  108  91   88   135  166  145  149  170  194  177  202  165  202  194  218  
39   40   50   41   35   0    27   48   42   81   51   44   94   75   93   69   55   95   105  44   107  107  136  74   120  104  143  157  132  179  201  188  156  177  166  173  197  227  
44   39   56   47   18   27   0    59   31   69   75   70   88   92   83   91   64   82   99   60   122  111  140  100  93   80   129  160  145  156  187  188  159  202  151  185  202  225  
44   44   56   14   64   48   59   0    81   79   69   67   90   41   82   57   96   104  93   89   102  130  111  94   129  127  116  111  174  172  207  143  153  195  187  169  239  273  
48   46   53   68   21   42   31   81   0    68   73   69   81   104  84   97   41   69   96   52   114  85   140  106  101  92   155  186  128  160  170  214  186  194  168  209  174  198  
51   43   49   67   55   81   69   79   68   0    103  105  30   93   17   103  95   30   37   111  105  97   90   150  91   120  125  155  189  112  130  180  214  233  203  241  222  248  
55   65   55   69   74   51   75   69   73   103  0    10   101  66   111  39   53   113  112  48   71   90   126  56   165  153  182  175  114  213  211  208  187  133  213  190  182  226  
55   64   58   66   70   44   70   67   69   105  10   0    105  69   113  45   52   115  116  41   81   96   133  50   161  146  179  174  112  213  215  207  178  135  203  181  182  224  
57   55   48   80   73   94   88   90   81   30   101  105  0    90   27   97   97   34   17   118  84   81   68   154  119  148  149  166  188  129  121  191  235  223  230  257  216  248  
59   64   61   50   91   75   92   41   104  93   66   69   90   0    91   32   107  115  91   104  74   125  87   99   163  166  145  116  180  193  211  149  183  178  227  189  243  285  
59   53   56   72   70   93   83   82   84   17   111  113  27   91   0    105  109  40   25   125  104  105  77   159  100  134  123  148  202  110  128  171  221  240  215  247  235  263  
59   68   59   63   90   69   91   57   97   103  39   45   97   32   105  0    88   119  102  85   59   108  101  77   174  170  171  146  151  211  215  180  190  148  231  191  216  262  
63   68   62   88   57   55   64   96   41   95   53   52   97   107  109  88   0    92   113  33   98   66   146  87   142  128  190  207  93   197  185  238  202  156  195  215  144  179  
67   62   61   91   65   95   82   104  69   30   113  115  34   115  40   119  92   0    47   115  109  81   102  162  96   127  151  185  183  115  107  209  236  235  213  263  203  227  
67   65   59   85   85   105  99   93   96   37   112  116  17   91   25   102  113  47   0    132  88   95   57   164  124  157  144  157  204  125  122  181  239  233  239  262  232  265  
70   75   74   83   63   44   60   89   52   111  48   41   118  104  125  85   33   115  132  0    113  97   161  60   148  122  185  199  87   211  214  230  174  148  178  184  159  192  
81   90   69   102  112  107  122  102  114  105  71   81   84   74   104  59   98   109  88   113  0    78   77   122  191  200  204  184  162  212  183  215  247  155  272  250  200  253  
88   93   76   121  95   107  111  130  85   97   90   96   81   125  105  108  66   81   95   97   78   0    122  140  165  173  218  230  130  194  143  260  262  174  251  274  140  183  
99   101  90   110  129  136  140  111  140  90   126  133  68   87   77   101  146  102  57   161  77   122  0    176  177  206  171  151  228  168  156  174  261  229  283  274  260  304  
100  107  106  99   108  74   100  94   106  150  56   50   154  99   159  77   87   162  164  60   122  140  176  0    192  162  200  188  105  253  264  221  156  117  200  147  196  237  
117  107  124  116  91   120  93   129  101  91   165  161  119  163  100  174  142  96   124  148  191  165  177  192  0    62   106  184  221  86   163  199  196  293  140  241  253  256  
121  113  132  117  88   104  80   127  92   120  153  146  148  166  134  170  128  127  157  122  200  173  206  162  62   0    128  197  188  147  209  216  155  268  87   200  235  234  
138  130  149  114  135  143  129  116  155  125  182  179  149  145  123  171  190  151  144  185  204  218  171  200  106  128  0    96   272  124  226  101  161  310  170  204  328  344  
149  146  157  120  166  157  160  111  186  155  175  174  166  116  148  146  207  185  157  199  184  230  151  188  184  197  96   0    282  196  267  34   171  281  236  188  350  383  
152  158  151  170  145  132  145  174  128  189  114  112  188  180  202  151  93   183  204  87   162  130  228  105  221  188  272  282  0    286  262  315  233  117  228  230  100  141  
159  150  161  161  149  179  156  172  160  112  213  213  129  193  110  211  197  115  125  211  212  194  168  253  86   147  124  196  286  0    127  202  264  344  220  308  303  309  
172  168  163  196  170  201  187  207  170  130  211  215  121  211  128  215  185  107  122  214  183  143  156  264  163  209  226  267  262  127  0    284  338  316  295  369  242  257  
179  175  187  150  194  188  188  143  214  180  208  207  191  149  171  180  238  209  181  230  215  260  174  221  199  216  101  34   315  202  284  0    188  315  251  208  382  412  
185  183  199  158  177  156  159  153  186  214  187  178  235  183  221  190  202  236  239  174  247  262  261  156  196  155  161  171  233  264  338  188  0    263  128  59   321  336  
188  197  185  199  202  177  202  195  194  233  133  135  223  178  240  148  156  235  233  148  155  174  229  117  293  268  310  281  117  344  316  315  263  0    308  238  183  244  
194  188  207  181  165  166  151  187  168  203  213  203  230  227  215  231  195  213  239  178  272  251  283  200  140  87   170  236  228  220  295  251  128  308  0    178  287  276  
203  204  216  177  202  173  185  169  209  241  190  181  257  189  247  191  215  263  262  184  250  274  274  147  241  200  204  188  230  308  369  208  59   238  178  0    326  350  
204  208  198  232  194  197  202  239  174  222  182  182  216  243  235  216  144  203  232  159  200  140  260  196  253  235  328  350  100  303  242  382  321  183  287  326  0    70   
238  240  234  263  218  227  225  273  198  248  226  224  248  285  263  262  179  227  265  192  253  183  304  237  256  234  344  383  141  309  257  412  336  244  276  350  70   0    
