18
       0  1270   396   189   739     480   364   554   805  1023     941  1617  1753  2581  1237    2682   189  1542
    1270     0   1201  1104   972    1024   960  1094  1028   329     820   967  1710  2258  1246    2571  1104  1109
     396  1201     0    294   395     183   287   185   440   893     632  1306  1357  2189   851    2287   294  1195
     189  1104   294     0    571     315   176   409   644   843     759  1433  1616  2431  1085    2556     0  1366
     739   972   395   571     0      259   428   211    88   643     244   910  1072  1866   526    2021   571   807
     480  1024   183   315   259       0    200   115   329   712     472  1152  1305  2116   770    2249   315  1063
     364   960   287   176   428     200     0    314   509   680     593  1261  1495  2294   953    2442   176  1203
     554  1094   185   409   211     115   314     0    257   772     452  1121  1207  2028   682    2148   409  1010
     805  1028   440   644    88     329   509   257     0    700     248   878   987  1788   444    1935   644   755
    1023   329   893   843   643     712   680   772   700     0      502   829  1453  2085   953    2356   843   906
     941   820   632   759   244     472   593   452   248   502       0    680  1008  1741   471    1946   759   612
    1617   967  1306  1433   910    1152  1261  1121   878   829     680     0    871  1291   670    1623  1433   242
    1753  1710  1357  1616  1072    1305  1495  1207   987  1453    1008   871     0    847   550     949  1616   643
    2581  2258  2189  2431  1866    2116  2294  2028  1788  2085    1741  1291   847     0   1346     452  2431  1180
    1237  1246   851  1085   526     770   953   682   444   953     471   670   550  1346     0     1498  1085   456
    2682  2571  2287  2556  2021    2249  2442  2148  1935  2356    1946  1623   949   452  1498       0   2556  1462
     189  1104   294     0   571     315   176   409   644   843     759  1433  1616  2431  1085    2556     0   1366
    1542  1109  1195  1366   807    1063  1203  1010   755   906     612   242   643  1180   456    1462  1366      0
